SNP	CHR.x	BP.x	A1.x	TEST	NMISS	OR.x	SE	L95	U95	STAT	P.x	CHR.y	BP.y	A1.y	A2	N	P.y	P.R.	OR.y	OR.R.	Q	I
rs9268839	6	32428772	A	ADD	3187	0.5687	0.05256	0.513	0.6304	-10.74	6.842e-27	6	32428772	A	?	2	0	4.146e-49	0.5226	0.536	0.0979	63.5
rs9275376	6	32668633	T	ADD	3187	1.815	0.06515	1.598	2.062	9.152	5.602e-20	6	32668633	T	?	2	1.112e-47	1.112e-47	1.7237	1.7237	0.3322	0
rs7752903	6	138227364	T	ADD	3187	0.6561	0.1145	0.5241	0.8212	-3.68	0.0002336	6	138227364	T	?	2	1.937e-22	1.985e-20	0.7331	0.7324	0.3127	1.87
rs4285314	6	32717702	A	ADD	3187	1.11	0.06872	0.9701	1.27	1.519	0.1289	6	32717702	A	?	2	2.353e-15	0.06497	1.3371	1.2712	0.0014	90.25
rs28477407	14	55344901	T	ADD	3187	0.9113	0.05038	0.8256	1.006	-1.844	0.06522	14	55344901	T	?	2	9.187e-07	9.187e-07	0.8943	0.8943	0.6754	0
rs5997893	22	31556103	A	ADD	3187	0.9018	0.05024	0.8172	0.9951	-2.057	0.03966	22	31556103	A	?	2	0.0001915	0.0001915	0.9251	0.9251	0.5772	0
rs45596840	10	106028154	A	ADD	3187	0.8955	0.06622	0.7865	1.02	-1.667	0.09552	10	106028154	A	?	2	0.0002492	0.0002492	0.8912	0.8912	0.9347	0
rs4947332	6	31834197	T	ADD	3187	2.081	0.2087	1.383	3.133	3.512	0.0004441	6	31834197	T	?	2	0.0009501	0.0832	1.41	1.5617	0.0315	78.39
rs2276448	6	31323020	T	ADD	3187	0.957	0.05534	0.8586	1.067	-0.7947	0.4268	6	31323020	T	?	2	0.005212	0.005212	0.9425	0.9425	0.7648	0
rs3817551	12	121882098	T	ADD	3187	0.9845	0.05037	0.892	1.087	-0.3098	0.7567	12	121882098	T	?	2	0.009854	0.009854	0.9475	0.9475	0.4034	0
